lat_north = 25.021251
lat_south = 25.018224
lon_east = 121.538318
lon_west = 121.535649
datum_lat = 25.020591
datum_lon = 121.536935
